experiment_name,version,response
Experiment,Journalistic Good Not Revealed,"{'0': 7, '1': 6, '2': 7, '3': 5, '4': 6, '5': 8, '6': 7, '7': 6, '8': 8, '9': 7, '10': 8, '11': 9}"
Experiment,Journalistic Good Revealed,"{'0': 6, '1': 5, '2': 6, '3': 4, '4': 7, '5': 8, '6': 9, '7': 8, '8': 9, '9': 9, '10': 8, '11': 9}"
Experiment,Journalistic Bad Not Revealed,"{'0': 7, '1': 6, '2': 7, '3': 5, '4': 6, '5': 8, '6': 8, '7': 7, '8': 9, '9': 8, '10': 9, '11': 10}"
Experiment,Journalistic Bad Revealed,"{'0': 7, '1': 8, '2': 8, '3': 6, '4': 7, '5': 9, '6': 8, '7': 7, '8': 9, '9': 8, '10': 9, '11': 10}"
Experiment,Novel Good Not Revealed,"{'0': 7, '1': 6, '2': 8, '3': 3, '4': 6, '5': 8, '6': 8, '7': 7, '8': 9, '9': 9, '10': 9, '11': 7}"
Experiment,Novel Good Revealed,"{'0': 7, '1': 6, '2': 8, '3': 4, '4': 7, '5': 8, '6': 9, '7': 8, '8': 10, '9': 9, '10': 10, '11': 9}"
Experiment,Novel Bad Not Revealed,"{'0': 6, '1': 2, '2': 5, '3': 3, '4': 7, '5': 4, '6': 2, '7': 5, '8': 6, '9': 6, '10': 8, '11': 7, '12': 7, '13': 8, '14': 8, '15': 9, '16': 9, '17': 8, '18': 9, '19': 10, '20': 9, '21': 11, '22': 10}"
Experiment,Novel Bad Revealed,"{'0': 7, '1': 6, '2': 8, '3': 3, '4': 6, '5': 8, '6': 7, '7': 7, '8': 9, '9': 9, '10': 9, '11': 9}"
